place(12.183, 0.970, -12.715, "Mercenary Base", 0, 0.000)
task.wait(1)
upgrade(12.183, 0.945, -12.715, 0, 1.290)
upgrade(12.183, 0.945, -12.715, 0, 1.491)
upgrade(12.183, 0.945, -12.715, 0, 1.647)
upgrade(12.183, 0.945, -12.715, 0, 2.541)
upgrade(12.183, 0.945, -12.715, 0, 3.157)
upgrade(12.183, 0.945, -12.715, 0, 3.958)
task.wait(0.5)
switchUnit(12.183, 0.945, -12.715, "Unit 3", "Riot Guard", 4.626)
switchUnit(12.183, 0.945, -12.715, "Unit 2", "Riot Guard", 5.023)
switchUnit(12.183, 0.945, -12.715, "Unit 1", "Riot Guard", 7.191)
place(5.095, 0.970, -15.579, "Hacker", 0, 8.604)
task.wait(1)
upgrade(5.095, 2.321, -15.579, 0, 10.140)
upgrade(5.095, 2.321, -15.579, 0, 10.856)
upgrade(5.095, 2.321, -15.579, 0, 11.590)
upgrade(5.095, 2.321, -15.579, 0, 12.373)
upgrade(5.095, 2.321, -15.579, 0, 14.749)
task.wait(0.5)
hologramAbility(5.095, 2.321, -15.579, "Default", 12.235, 0.970, -19.504, 24.948)
airDropAbility(12.183, 0.945, -12.715, "1", 39.606050, 19.796585, 1.125000, -12.247210, 0.075132, 0.000000, -0.997174, -0.000000, 1.000000, -0.000000, 0.997174, 0.000000, 0.075)
place(1.798, 0.970, -11.709, "Hacker", 0, 35.118)
task.wait(1)
upgrade(1.798, 2.321, -11.709, 0, 36.412)
upgrade(1.798, 2.321, -11.709, 0, 36.576)
upgrade(1.798, 2.321, -11.709, 0, 37.241)
upgrade(1.798, 2.321, -11.709, 0, 37.990)
upgrade(1.798, 2.321, -11.709, 0, 38.712)
task.wait(0.5)
hologramAbility(1.798, 2.321, -11.709, "Default", 26.069, 0.970, -6.985, 41.608)
airDropAbility(12.235, 0.945, -19.504, "1", 50.141392, 10.854457, 1.125000, -6.721227, 0.540540, 0.000000, 0.841318, 0.000000, 1.000000, -0.000000, -0.841318, 0.000000, 0.541)
place(4.512, 0.970, 2.079, "Mercenary Base", 0, 45.430)
task.wait(1)
upgrade(4.512, 0.945, 2.079, 0, 46.640)
upgrade(4.512, 0.945, 2.079, 0, 46.842)
upgrade(4.512, 0.945, 2.079, 0, 47.580)
upgrade(4.512, 0.945, 2.079, 0, 48.123)
upgrade(4.512, 0.945, 2.079, 0, 48.809)
upgrade(4.512, 0.945, 2.079, 0, 49.772)
place(-7.973, 0.970, -8.655, "Accelerator", 0, 52.346)
task.wait(1)
upgrade(-7.973, 2.320, -8.655, 0, 53.559)
upgrade(-7.973, 2.320, -8.655, 0, 53.745)
upgrade(-7.973, 2.320, -8.655, 0, 53.926)
upgrade(-7.973, 2.320, -8.655, 0, 54.075)
upgrade(-7.973, 2.320, -8.655, 0, 54.824)
place(-9.669, 0.970, -13.826, "Soldier", 0, 55.818)
task.wait(1)
upgrade(-9.669, 2.320, -13.826, 0, 57.056)
upgrade(-9.669, 2.320, -13.826, 0, 57.206)
upgrade(-9.669, 2.320, -13.826, 0, 57.374)
upgrade(-9.669, 2.320, -13.826, 0, 57.562)
upgrade(-9.669, 2.320, -13.826, 0, 57.673)
task.wait(0.5)
airDropAbility(4.512, 0.945, 2.079, "1", 87.475812, -17.648945, 1.125000, -19.004648, -0.563689, 0.000000, -0.825987, 0.000000, 1.000000, -0.000000, 0.825987, -0.000000, -0.564)
airDropAbility(26.069, 0.945, -6.985, "1", 56.877620, 4.241400, 1.125000, -6.697767, -0.305102, 0.000000, -0.952320, 0.000000, 1.000000, -0.000000, 0.952320, -0.000000, -0.305)
