place(-20.121, 1.000, -16.587, "Scout", 750, 0.000)
place(-17.057, 1.000, -16.028, "Scout", 500, 5.989)
place(-13.952, 1.000, -15.883, "Scout", 250, 8.429)
place(-20.568, 1.000, -13.600, "Scout", 504, 23.860)
place(-17.566, 1.000, -13.013, "Scout", 283, 28.769)
place(-14.546, 1.000, -12.862, "Scout", 656, 36.049)
place(-11.647, 1.000, -13.810, "Scout", 457, 40.507)
task.wait(1)
upgrade(-11.647, 2.350, -13.810, 266, 42.837)
upgrade(-13.952, 2.350, -15.883, 671, 46.098)
upgrade(-11.647, 2.350, -13.810, 677, 47.158)
upgrade(-13.952, 2.350, -15.883, 978, 57.437)
upgrade(-14.546, 2.350, -12.862, 660, 59.357)
upgrade(-14.546, 2.350, -12.862, 510, 60.585)
upgrade(-17.566, 2.350, -13.013, 170, 63.496)
upgrade(-17.566, 2.350, -13.013, 878, 68.313)
upgrade(-17.057, 2.350, -16.028, 586, 70.165)
upgrade(-17.057, 2.350, -16.028, 556, 73.349)
upgrade(-20.121, 2.350, -16.587, 196, 75.441)
upgrade(-20.121, 2.350, -16.587, 1094, 80.200)
upgrade(-20.568, 2.350, -13.600, 828, 82.029)
upgrade(-20.568, 2.350, -13.600, 678, 82.953)
place(-9.425, 1.000, -9.362, "Hacker", 238, 87.837)
place(-9.617, 1.000, -9.278, "Hacker", 1808, 95.031)
task.wait(1)
upgrade(-9.617, 2.351, -9.278, 669, 96.597)
upgrade(-9.617, 2.351, -9.278, 1642, 112.062)
place(-12.565, 1.000, 2.812, "Hacker", 1939, 123.124)
task.wait(1)
upgrade(-12.565, 2.351, 2.812, 1586, 126.985)
upgrade(-12.565, 2.351, 2.812, 1300, 128.594)
place(-12.350, 1.000, -10.750, "Scout", 753, 134.917)
task.wait(1)
upgrade(-12.350, 2.350, -10.750, 875, 136.188)
upgrade(-12.350, 2.350, -10.750, 749, 136.831)
place(-15.114, 1.000, -9.575, "Scout", 645, 138.931)
task.wait(1)
upgrade(-15.114, 2.350, -9.575, 395, 140.033)
upgrade(-15.114, 2.350, -9.575, 575, 143.582)
place(-18.193, 1.000, -10.050, "Scout", 1881, 147.789)
task.wait(1)
upgrade(-18.193, 2.350, -10.050, 1516, 149.001)
upgrade(-18.193, 2.350, -10.050, 1392, 149.694)
place(-18.284, 1.000, -6.895, "Scout", 1420, 151.348)
task.wait(1)
upgrade(-18.284, 2.350, -6.895, 1300, 152.479)
upgrade(-18.284, 2.350, -6.895, 1152, 152.930)
place(-18.371, 1.000, -3.848, "Scout", 794, 154.620)
task.wait(1)
upgrade(-18.371, 2.350, -3.848, 564, 155.696)
upgrade(-18.371, 2.350, -3.848, 566, 158.160)
place(-15.532, 1.000, 3.379, "Scout", 386, 163.789)
task.wait(1)
upgrade(-15.532, 2.350, 3.379, 1640, 165.382)
upgrade(-15.532, 2.350, 3.379, 1650, 165.983)
place(-18.651, 1.000, 3.320, "Scout", 1517, 167.099)
task.wait(1)
upgrade(-18.651, 2.350, 3.320, 1267, 168.093)
upgrade(-18.651, 2.350, 3.320, 1117, 168.403)
place(-21.812, 1.000, 3.405, "Scout", 617, 170.355)
task.wait(1)
upgrade(-21.812, 2.350, 3.405, 952, 171.754)
upgrade(-21.812, 2.350, 3.405, 823, 172.627)
place(-15.642, 1.000, 6.430, "Scout", 1217, 175.056)
task.wait(1)
upgrade(-15.642, 2.350, 6.430, 1285, 176.230)
upgrade(-15.642, 2.350, 6.430, 1135, 177.179)
upgrade(-18.371, 2.350, -3.848, 2610, 182.299)
upgrade(-18.284, 2.350, -6.895, 2708, 193.801)
upgrade(-18.193, 2.350, -10.050, 2448, 198.784)
upgrade(-15.114, 2.350, -9.575, 2364, 207.677)
upgrade(-12.350, 2.350, -10.750, 4684, 214.478)
upgrade(-14.546, 2.350, -12.862, 2807, 215.979)
upgrade(-11.647, 2.350, -13.810, 2670, 223.463)
upgrade(-13.952, 2.350, -15.883, 2386, 232.687)
upgrade(-17.057, 2.350, -16.028, 2701, 238.165)
upgrade(-17.566, 2.350, -13.013, 2436, 244.046)
upgrade(-20.121, 2.350, -16.587, 3169, 247.596)
upgrade(-20.568, 2.350, -13.600, 3896, 252.425)
upgrade(-21.812, 2.350, 3.405, 4078, 256.790)
upgrade(-18.651, 2.350, 3.320, 2633, 259.068)
upgrade(-15.532, 2.350, 3.379, 2526, 264.608)
upgrade(-15.642, 2.350, 6.430, 3617, 271.140)
place(25.072, 1.000, 12.255, "Mercenary Base", 12298, 286.663)
task.wait(1)
upgrade(25.072, 0.975, 12.255, 9548, 287.966)
upgrade(25.072, 0.975, 12.255, 8798, 289.081)
upgrade(25.072, 0.975, 12.255, 7915, 291.967)
place(28.366, 1.000, 20.230, "Mercenary Base", 11515, 309.881)
task.wait(1)
upgrade(28.366, 0.975, 20.230, 8765, 311.350)
upgrade(28.366, 0.975, 20.230, 7415, 312.118)
upgrade(28.366, 0.975, 20.230, 7523, 316.814)
place(23.899, 1.000, 19.393, "Mercenary Base", 5303, 326.437)
task.wait(1)
upgrade(23.899, 0.975, 19.393, 3213, 327.710)
upgrade(23.899, 0.975, 19.393, 3183, 329.862)
upgrade(23.899, 0.975, 19.393, 8968, 340.871)
upgrade(-18.371, 2.350, -3.848, 9126, 362.874)
upgrade(-18.193, 2.350, -10.050, 6845, 367.064)
upgrade(-18.284, 2.350, -6.895, 6155, 374.067)
upgrade(-15.114, 2.350, -9.575, 7431, 380.909)
upgrade(-12.350, 2.350, -10.750, 5921, 385.069)
upgrade(-11.647, 2.350, -13.810, 7868, 389.552)
upgrade(-14.546, 2.350, -12.862, 6154, 396.086)
upgrade(-13.952, 2.350, -15.883, 8717, 401.466)
upgrade(-17.057, 2.350, -16.028, 7122, 405.446)
upgrade(-17.566, 2.350, -13.013, 6731, 409.907)
upgrade(-20.121, 2.350, -16.587, 6209, 416.085)
upgrade(-20.568, 2.350, -13.600, 5933, 419.547)
upgrade(-15.532, 2.350, 3.379, 8784, 428.580)
upgrade(-18.651, 2.350, 3.320, 8509, 430.293)
upgrade(-21.812, 2.350, 3.405, 18130, 432.656)
upgrade(-15.642, 2.350, 6.430, 15108, 433.989)
upgrade(25.072, 0.975, 12.255, 19240, 441.038)
upgrade(23.899, 0.975, 19.393, 17484, 444.609)
upgrade(28.366, 0.975, 20.230, 13921, 446.917)
upgrade(25.072, 0.975, 12.255, 14473, 456.832)
task.wait(0.5)
airDropAbility(25.072, 0.975, 12.255, "1", 154.055384, 26.725975, 1.125002, 15.692948, -0.396256, 0.000000, 0.918140, 0.000000, 1.000000, -0.000000, -0.918140, 0.000000, -0.396)
upgrade(23.899, 0.975, 19.393, 17714, 467.857)
task.wait(0.5)
airDropAbility(23.899, 0.975, 19.393, "1", 154.055384, 26.432827, 1.125002, 15.700252, -0.406309, 0.000000, 0.913736, 0.000000, 1.000000, -0.000000, -0.913736, 0.000000, -0.406)
upgrade(28.366, 0.975, 20.230, 13723, 478.171)
task.wait(0.5)
switchUnit(28.366, 0.975, 20.230, "Unit 3", "Field Medic", 479.702)
airDropAbility(28.366, 0.975, 20.230, "1", 152.080072, 23.875332, 1.125002, 15.788644, 0.464341, 0.000000, 0.885656, 0.000000, 1.000000, -0.000000, -0.885657, 0.000000, 0.464)
upgrade(25.072, 0.975, 12.255, 40531, 511.969)
upgrade(23.899, 0.975, 19.393, 36671, 535.402)
task.wait(0.5)
airDropAbility(25.072, 0.975, 12.255, "1", 154.055384, 25.733404, 1.125002, 15.725762, -0.336112, 0.000000, 0.941822, 0.000000, 1.000000, -0.000000, -0.941822, 0.000000, -0.336)
airDropAbility(23.899, 0.975, 19.393, "1", 154.055384, 25.152122, 1.125002, 15.746964, -0.349813, 0.000000, 0.936820, 0.000000, 1.000000, -0.000000, -0.936820, 0.000000, -0.350)
airDropAbility(28.366, 0.975, 20.230, "1", 154.055384, 25.092188, 1.125002, 15.749149, -0.351293, 0.000000, 0.936266, 0.000000, 1.000000, -0.000000, -0.936266, 0.000000, -0.351)
upgrade(28.366, 0.975, 20.230, 42252, 561.944)
place(-12.199, 1.000, -3.132, "Warlock", 44417, 572.557)
task.wait(1)
upgrade(-12.199, 2.350, -3.132, 40217, 574.064)
upgrade(-12.199, 2.350, -3.132, 37717, 574.618)
upgrade(-12.199, 2.350, -3.132, 34684, 575.480)
upgrade(-12.199, 2.350, -3.132, 24027, 576.566)
upgrade(-12.199, 2.350, -3.132, 30096, 589.061)
place(-9.207, 1.000, -3.582, "Warlock", 15887, 597.352)
task.wait(1)
upgrade(-9.207, 2.350, -3.582, 11689, 598.894)
upgrade(-9.207, 2.350, -3.582, 11180, 599.823)
upgrade(-9.207, 2.350, -3.582, 14521, 613.423)
task.wait(0.5)
airDropAbility(25.072, 0.975, 12.255, "1", 124.735932, 3.160890, 1.125002, 6.567854, -0.119064, 0.000000, 0.992887, 0.000000, 1.000000, -0.000000, -0.992887, 0.000000, -0.119)
airDropAbility(23.899, 0.975, 19.393, "1", 124.735932, 1.917222, 1.125002, 6.593351, -0.156849, 0.000000, 0.987623, 0.000000, 1.000000, -0.000000, -0.987623, 0.000000, -0.157)
airDropAbility(28.366, 0.975, 20.230, "1", 124.735932, 3.111916, 1.125002, 6.568859, -0.143629, 0.000000, 0.989632, 0.000000, 1.000000, -0.000000, -0.989632, 0.000000, -0.144)
upgrade(-9.207, 2.350, -3.582, 28157, 626.608)
upgrade(-9.207, 2.350, -3.582, 33609, 635.243)
place(-11.473, 1.000, -0.168, "Warlock", 9734, 640.247)
task.wait(1)
upgrade(-11.473, 2.350, -0.168, 13509, 641.908)
upgrade(-11.473, 2.350, -0.168, 18983, 642.864)
upgrade(-11.473, 2.350, -0.168, 23169, 644.047)
upgrade(-11.473, 2.350, -0.168, 28759, 649.962)
upgrade(-11.473, 2.350, -0.168, 38420, 661.119)
place(-8.320, 1.000, -0.645, "Warlock", 18674, 663.808)
task.wait(1)
upgrade(-8.320, 2.350, -0.645, 14474, 665.112)
upgrade(-8.320, 2.350, -0.645, 15599, 666.148)
upgrade(-8.320, 2.350, -0.645, 12734, 668.446)
upgrade(-8.320, 2.350, -0.645, 32609, 680.947)
task.wait(0.5)
airDropAbility(25.072, 0.975, 12.255, "1", 124.735932, 0.449863, 1.125002, 6.623434, 0.411334, 0.000000, 0.911484, 0.000000, 1.000000, -0.000000, -0.911485, 0.000000, 0.411)
airDropAbility(23.899, 0.975, 19.393, "1", 124.735932, 0.500446, 1.125002, 6.622396, 0.416386, 0.000000, 0.909188, 0.000000, 1.000000, -0.000000, -0.909188, 0.000000, 0.416)
airDropAbility(28.366, 0.975, 20.230, "1", 124.735932, 1.281510, 1.125002, 6.606384, 0.350051, 0.000000, 0.936731, 0.000000, 1.000000, -0.000000, -0.936731, 0.000000, 0.350)
upgrade(-8.320, 2.350, -0.645, 24385, 697.453)
upgrade(-12.565, 2.351, 2.812, 19491, 705.125)
upgrade(-12.565, 2.351, 2.812, 28491, 713.045)
upgrade(-12.565, 2.351, 2.812, 51102, 725.935)
upgrade(-9.617, 2.351, -9.278, 15604, 730.113)
upgrade(-9.617, 2.351, -9.278, 25817, 743.901)
upgrade(-9.617, 2.351, -9.278, 20584, 754.183)
task.wait(0.5)
airDropAbility(25.072, 0.975, 12.255, "1", 128.560313, 4.592645, 1.125002, 6.542737, 0.036277, 0.000000, 0.999342, 0.000000, 1.000000, -0.000000, -0.999342, 0.000000, 0.036)
airDropAbility(23.899, 0.975, 19.393, "1", 128.560313, 5.409973, 1.125002, 6.531195, 0.032250, 0.000000, 0.999480, 0.000000, 1.000000, -0.000000, -0.999480, 0.000000, 0.032)
airDropAbility(28.366, 0.975, 20.230, "1", 128.560313, 5.826770, 1.125002, 6.525309, 0.030435, 0.000000, 0.999537, 0.000000, 1.000000, -0.000000, -0.999537, 0.000000, 0.030)
hologramAbility(-12.565, 2.351, 2.812, "Default", 19.994, 1.000, 11.534, 763.950)
place(-6.114, 1.000, -3.234, "Accelerator", 17346, 769.427)
task.wait(1)
upgrade(-6.114, 2.350, -3.234, 12846, 771.211)
upgrade(-6.114, 2.350, -3.234, 11846, 771.851)
upgrade(-6.114, 2.350, -3.234, 9346, 772.682)
task.wait(0.5)
hologramAbility(-9.617, 2.351, -9.278, "Default", 18.534, 1.000, 19.428, 789.234)
airDropAbility(19.994, 0.975, 11.534, "1", 144.075492, 17.000713, 1.125002, 13.739819, 0.139729, 0.000000, 0.990190, 0.000000, 1.000000, -0.000000, -0.990190, 0.000000, 0.140)
upgrade(-6.114, 2.350, -3.234, 14328, 802.519)
task.wait(0.5)
airDropAbility(18.534, 0.975, 19.428, "1", 146.231509, 18.395557, 1.125002, 15.206145, 0.387288, 0.000000, 0.921959, 0.000000, 1.000000, -0.000000, -0.921959, 0.000000, 0.387)
upgrade(-6.114, 2.350, -3.234, 55578, 815.395)
task.wait(0.5)
hologramAbility(-12.565, 2.351, 2.812, "Default", 25.118, 1.000, 6.667, 835.538)
airDropAbility(25.072, 0.975, 12.255, "1", 152.080072, 23.528389, 1.125002, 15.798864, 0.282411, 0.000000, 0.959293, 0.000000, 1.000000, -0.000000, -0.959293, 0.000000, 0.282)
airDropAbility(23.899, 0.975, 19.393, "1", 150.246275, 22.303219, 1.125002, 15.817269, 0.311182, 0.000000, 0.950350, 0.000000, 1.000000, -0.000000, -0.950350, 0.000000, 0.311)
airDropAbility(28.366, 0.975, 20.230, "1", 150.246275, 22.146992, 1.125002, 15.815536, 0.314924, 0.000000, 0.949117, 0.000000, 1.000000, -0.000000, -0.949117, 0.000000, 0.315)
activateAbility(-9.617, 2.351, -9.278, "Hologram Tower", 851.493)
activateAbility(-9.617, 2.351, -9.278, "Hologram Tower", 852.497)
activateAbility(-9.617, 2.351, -9.278, "Hologram Tower", 853.990)
hologramAbility(-9.617, 2.351, -9.278, "Default", 20.173, 1.000, 6.195, 863.407)
place(-2.858, 1.000, -3.054, "Accelerator", 42870, 868.507)
task.wait(1)
upgrade(-2.858, 2.350, -3.054, 48618, 870.135)
upgrade(-2.858, 2.350, -3.054, 49848, 870.673)
upgrade(-2.858, 2.350, -3.054, 48786, 871.519)
upgrade(-2.858, 2.350, -3.054, 54180, 872.475)
upgrade(-2.858, 2.350, -3.054, 44370, 873.591)
place(0.233, 1.000, -3.215, "Accelerator", 11488, 875.446)
task.wait(1)
upgrade(0.233, 2.350, -3.215, 19588, 877.151)
upgrade(0.233, 2.350, -3.215, 18588, 877.766)
upgrade(0.233, 2.350, -3.215, 25088, 878.635)
upgrade(0.233, 2.350, -3.215, 29338, 879.644)
task.wait(0.5)
airDropAbility(20.173, 0.975, 6.195, "1", 138.173563, 16.574200, 1.125002, 8.055225, -0.320195, 0.000000, 0.947352, 0.000000, 1.000000, -0.000000, -0.947352, 0.000000, -0.320)
airDropAbility(19.994, 0.975, 11.534, "1", 137.610358, 16.391720, 1.125002, 7.628720, -0.365317, 0.000000, 0.930883, 0.000000, 1.000000, -0.000000, -0.930883, 0.000000, -0.365)
airDropAbility(18.534, 0.975, 19.428, "1", 137.034078, 15.822756, 1.125002, 7.155976, -0.429305, 0.000000, 0.903160, 0.000000, 1.000000, -0.000000, -0.903160, 0.000000, -0.429)
airDropAbility(25.118, 0.975, 6.667, "1", 137.034078, 15.484160, 1.125002, 7.003609, -0.457302, 0.000000, 0.889312, 0.000000, 1.000000, -0.000000, -0.889312, 0.000000, -0.457)
switchUnit(23.899, 0.975, 19.393, "Unit 1", "Riot Guard", 890.809)
switchUnit(23.899, 0.975, 19.393, "Unit 2", "Riot Guard", 893.451)
switchUnit(23.899, 0.975, 19.393, "Unit 3", "Riot Guard", 893.974)
switchUnit(28.366, 0.975, 20.230, "Unit 3", "Riot Guard", 895.739)
switchUnit(28.366, 0.975, 20.230, "Unit 2", "Riot Guard", 896.397)
switchUnit(28.366, 0.975, 20.230, "Unit 1", "Riot Guard", 897.081)
switchUnit(25.072, 0.975, 12.255, "Unit 3", "Riot Guard", 901.017)
switchUnit(25.072, 0.975, 12.255, "Unit 2", "Riot Guard", 901.670)
switchUnit(25.072, 0.975, 12.255, "Unit 1", "Riot Guard", 902.529)
upgrade(0.233, 2.350, -3.215, 138992, 909.196)
place(3.454, 1.000, -3.194, "Accelerator", 107492, 910.828)
task.wait(1)
upgrade(3.454, 2.350, -3.194, 108914, 912.494)
upgrade(3.454, 2.350, -3.194, 109900, 912.637)
upgrade(3.454, 2.350, -3.194, 121492, 914.753)
upgrade(3.454, 2.350, -3.194, 116742, 915.416)
upgrade(3.454, 2.350, -3.194, 109992, 916.419)
task.wait(0.5)
hologramAbility(-12.565, 2.351, 2.812, "Default", 21.345, 1.000, 12.053, 921.868)
hologramAbility(-12.565, 2.351, 2.812, "Default", 20.051, 1.000, 11.534, 925.291)
hologramAbility(-9.617, 2.351, -9.278, "Default", 18.922, 1.000, 19.539, 929.252)
place(-2.517, 1.000, 2.478, "Accelerator", 60980, 933.450)
task.wait(1)
upgrade(-2.517, 2.350, 2.478, 65480, 935.666)
upgrade(-2.517, 2.350, 2.478, 64480, 936.306)
upgrade(-2.517, 2.350, 2.478, 61980, 936.987)
upgrade(-2.517, 2.350, 2.478, 64730, 937.798)
upgrade(-2.517, 2.350, 2.478, 62480, 938.868)
task.wait(0.5)
airDropAbility(20.051, 0.975, 11.534, "1", 14.740194, -21.159170, 1.125002, -5.539299, -0.287381, 0.000000, 0.957816, 0.000000, 1.000000, -0.000000, -0.957816, 0.000000, -0.287)
airDropAbility(18.922, 0.975, 19.539, "1", 14.740194, -21.159168, 1.125002, -5.228362, -0.180152, 0.000000, 0.983639, 0.000000, 1.000000, -0.000000, -0.983639, 0.000000, -0.180)
airDropAbility(25.072, 0.975, 12.255, "1", 14.740194, -21.159170, 1.125002, -5.619381, -0.318530, 0.000000, 0.947913, 0.000000, 1.000000, -0.000000, -0.947913, 0.000000, -0.319)
airDropAbility(23.899, 0.975, 19.393, "1", 14.740194, -21.159170, 1.125002, -5.646281, -0.319678, 0.000000, 0.947526, 0.000000, 1.000000, -0.000000, -0.947526, 0.000000, -0.320)
airDropAbility(23.899, 0.975, 19.393, "1", 14.740194, -21.159170, 1.125002, -5.639378, -0.319107, 0.000000, 0.947719, 0.000000, 1.000000, -0.000000, -0.947719, 0.000000, -0.319)
airDropAbility(28.366, 0.975, 20.230, "1", 14.740194, -21.159168, 1.125002, -5.137898, -0.191236, 0.000000, 0.981544, 0.000000, 1.000000, -0.000000, -0.981544, 0.000000, -0.191)
airDropAbility(20.173, 0.975, 6.195, "1", 115.274539, -5.264209, 1.125002, 6.194428, -0.149406, 0.000000, 0.988776, 0.000000, 1.000000, -0.000000, -0.988776, 0.000000, -0.149)
airDropAbility(25.118, 0.975, 6.667, "1", 117.162711, -4.084051, 1.125002, 6.896678, -0.075825, 0.000000, 0.997121, 0.000000, 1.000000, -0.000000, -0.997121, 0.000000, -0.076)
hologramAbility(-12.565, 2.351, 2.812, "Default", 25.531, 1.000, 7.684, 983.085)
hologramAbility(-9.617, 2.351, -9.278, "Default", 12.799, 1.000, 11.417, 988.225)
airDropAbility(25.531, 0.975, 7.684, "1", 134.652382, 12.242994, 1.125002, 6.570790, -0.109126, 0.000000, 0.994028, 0.000000, 1.000000, -0.000000, -0.994028, 0.000000, -0.109)
airDropAbility(12.799, 0.975, 11.417, "1", 134.652382, 11.352798, 1.125002, 6.521028, -0.174742, 0.000000, 0.984614, 0.000000, 1.000000, -0.000000, -0.984614, 0.000000, -0.175)
airDropAbility(20.051, 0.975, 11.534, "1", 134.652382, 13.526956, 1.125002, 6.642565, -0.188063, 0.000000, 0.982157, 0.000000, 1.000000, -0.000000, -0.982157, 0.000000, -0.188)
airDropAbility(18.922, 0.975, 19.539, "1", 134.652382, 13.149000, 1.125002, 6.621437, -0.195559, 0.000000, 0.980692, 0.000000, 1.000000, -0.000000, -0.980692, 0.000000, -0.196)
airDropAbility(25.072, 0.975, 12.255, "1", 134.652382, 13.163957, 1.125002, 6.622272, -0.195254, 0.000000, 0.980753, 0.000000, 1.000000, -0.000000, -0.980753, 0.000000, -0.195)
airDropAbility(23.899, 0.975, 19.393, "1", 134.652382, 13.156132, 1.125002, 6.621835, -0.195414, 0.000000, 0.980721, 0.000000, 1.000000, -0.000000, -0.980721, 0.000000, -0.195)
airDropAbility(28.366, 0.975, 20.230, "1", 134.652382, 13.088011, 1.125002, 6.618027, -0.196811, 0.000000, 0.980442, 0.000000, 1.000000, -0.000000, -0.980442, 0.000000, -0.197)
hologramAbility(-12.565, 2.351, 2.812, "Default", 20.384, 1.000, 6.637, 1037.860)
hologramAbility(-9.617, 2.351, -9.278, "Default", 12.703, 1.000, 17.761, 1044.064)
