place(-20.579, 1.000, -12.299, "Scout", 750, 0.000)
place(-20.647, 1.000, -15.387, "Scout", 500, 4.081)
place(-17.580, 1.000, -15.317, "Scout", 250, 14.185)
place(-17.545, 1.000, -12.265, "Scout", 504, 30.864)
place(-14.546, 1.000, -15.019, "Scout", 264, 33.718)
place(-14.512, 1.000, -11.869, "Scout", 656, 42.710)
place(-11.926, 1.000, -13.455, "Scout", 466, 46.862)
task.wait(1)
upgrade(-11.926, 2.350, -13.455, 192, 49.100)
upgrade(-11.926, 2.350, -13.455, 671, 52.271)
upgrade(-14.512, 2.350, -11.869, 327, 53.469)
upgrade(-14.546, 2.350, -15.019, 177, 55.018)
upgrade(-14.512, 2.350, -11.869, 1010, 65.195)
upgrade(-14.546, 2.350, -15.019, 630, 68.798)
upgrade(-17.545, 2.350, -12.265, 300, 72.333)
upgrade(-17.580, 2.350, -15.317, 1086, 75.709)
upgrade(-17.580, 2.350, -15.317, 936, 76.732)
upgrade(-17.545, 2.350, -12.265, 556, 80.452)
upgrade(-20.647, 2.350, -15.387, 215, 83.601)
upgrade(-20.579, 2.350, -12.299, 286, 85.479)
upgrade(-20.579, 2.350, -12.299, 1174, 87.763)
upgrade(-20.647, 2.350, -15.387, 698, 91.676)
place(-9.854, 1.000, -9.254, "Hacker", 2069, 102.479)
task.wait(1)
upgrade(-9.854, 2.351, -9.254, 669, 103.752)
upgrade(-9.854, 2.351, -9.254, 1929, 119.884)
place(-12.597, 1.000, 2.140, "Hacker", 3690, 131.143)
task.wait(1)
upgrade(-12.597, 2.351, 2.140, 2290, 132.477)
upgrade(-12.597, 2.351, 2.140, 1865, 133.489)
place(-12.861, 1.000, -9.092, "Scout", 1935, 143.148)
task.wait(1)
upgrade(-12.861, 2.350, -9.092, 1685, 144.493)
upgrade(-12.861, 2.350, -9.092, 1865, 145.165)
place(-15.416, 1.000, 3.496, "Scout", 3544, 152.817)
task.wait(1)
upgrade(-15.416, 2.350, 3.496, 3558, 153.973)
upgrade(-15.416, 2.350, 3.496, 3540, 154.476)
place(-18.514, 1.000, 3.330, "Scout", 3202, 157.130)
task.wait(1)
upgrade(-18.514, 2.350, 3.330, 2962, 158.448)
upgrade(-18.514, 2.350, 3.330, 2812, 158.989)
place(-21.630, 1.000, 3.440, "Scout", 2513, 162.703)
task.wait(1)
upgrade(-21.630, 2.350, 3.440, 2263, 163.725)
upgrade(-21.630, 2.350, 3.440, 2113, 164.322)
place(-15.437, 1.000, 6.617, "Scout", 3865, 170.607)
task.wait(1)
upgrade(-15.437, 2.350, 6.617, 3615, 172.074)
upgrade(-15.437, 2.350, 6.617, 3465, 172.743)
place(-18.532, 1.000, 6.545, "Scout", 3571, 175.317)
task.wait(1)
upgrade(-18.532, 2.350, 6.545, 3624, 176.531)
upgrade(-18.532, 2.350, 6.545, 3777, 177.047)
place(-21.741, 1.000, 6.521, "Scout", 3580, 178.879)
task.wait(1)
upgrade(-21.741, 2.350, 6.521, 3633, 180.279)
upgrade(-21.741, 2.350, 6.521, 3483, 180.823)
place(-12.608, 1.000, 5.282, "Scout", 3752, 185.436)
task.wait(1)
upgrade(-12.608, 2.350, 5.282, 5211, 186.671)
upgrade(-12.608, 2.350, 5.282, 5061, 187.191)
place(-16.355, 1.000, -9.467, "Scout", 4861, 190.073)
task.wait(1)
upgrade(-16.355, 2.350, -9.467, 4911, 191.333)
upgrade(-16.355, 2.350, -9.467, 4761, 191.745)
place(-18.069, 1.000, -1.929, "Commander", 8476, 204.123)
task.wait(1)
upgrade(-18.069, 2.368, -1.929, 7890, 205.213)
upgrade(-18.069, 2.368, -1.929, 7722, 205.804)
place(-18.086, 1.000, -4.950, "Commander", 5222, 208.113)
task.wait(1)
upgrade(-18.086, 2.368, -4.950, 5201, 209.254)
upgrade(-18.086, 2.368, -4.950, 4952, 209.719)
upgrade(-16.355, 2.350, -9.467, 5853, 218.249)
upgrade(-12.861, 2.350, -9.092, 3867, 219.443)
upgrade(-14.512, 2.350, -11.869, 3485, 221.790)
upgrade(-11.926, 2.350, -13.455, 3701, 232.488)
upgrade(-14.546, 2.350, -15.019, 2975, 239.715)
upgrade(-17.545, 2.350, -12.265, 4545, 244.921)
upgrade(-17.580, 2.350, -15.317, 3025, 247.056)
upgrade(-20.579, 2.350, -12.299, 3722, 254.970)
upgrade(-20.647, 2.350, -15.387, 3702, 257.079)
upgrade(-12.608, 2.350, 5.282, 6276, 267.276)
upgrade(-15.416, 2.350, 3.496, 4502, 268.838)
upgrade(-18.514, 2.350, 3.330, 3165, 271.534)
upgrade(-21.630, 2.350, 3.440, 3845, 277.395)
upgrade(-21.741, 2.350, 6.521, 5757, 283.734)
upgrade(-18.532, 2.350, 6.545, 5595, 285.334)
upgrade(-15.437, 2.350, 6.617, 4590, 287.131)
place(19.970, 1.000, 12.528, "Mercenary Base", 4679, 292.308)
task.wait(1)
upgrade(19.970, 0.975, 12.528, 2559, 293.688)
upgrade(19.970, 0.975, 12.528, 6291, 305.515)
upgrade(19.970, 0.975, 12.528, 8766, 308.343)
place(24.524, 1.000, 12.599, "Mercenary Base", 3798, 315.182)
task.wait(1)
upgrade(24.524, 0.975, 12.599, 1708, 318.258)
upgrade(24.524, 0.975, 12.599, 10476, 333.740)
upgrade(24.524, 0.975, 12.599, 7726, 334.852)
place(25.450, 1.000, 18.426, "Mercenary Base", 9472, 345.269)
task.wait(1)
upgrade(25.450, 0.975, 18.426, 6987, 346.777)
upgrade(25.450, 0.975, 18.426, 6995, 349.518)
upgrade(25.450, 0.975, 18.426, 9888, 363.149)
place(-23.812, 1.000, -6.370, "Commander", 9428, 374.139)
task.wait(1)
upgrade(-23.812, 2.368, -6.370, 10188, 375.687)
upgrade(-23.812, 2.368, -6.370, 10018, 376.643)
upgrade(-12.861, 2.350, -9.092, 15431, 384.391)
upgrade(-11.926, 2.350, -13.455, 9931, 385.590)
upgrade(-14.512, 2.350, -11.869, 12544, 390.043)
upgrade(-14.546, 2.350, -15.019, 7524, 394.169)
upgrade(-17.545, 2.350, -12.265, 9358, 398.775)
upgrade(-20.647, 2.350, -15.387, 12529, 408.604)
upgrade(-20.579, 2.350, -12.299, 9070, 409.577)
upgrade(-16.355, 2.350, -9.467, 13390, 419.637)
upgrade(-17.580, 2.350, -15.317, 11016, 422.955)
upgrade(-21.630, 2.350, 3.440, 10741, 426.840)
upgrade(-18.514, 2.350, 3.330, 14665, 429.937)
upgrade(-15.416, 2.350, 3.496, 11640, 431.121)
upgrade(-21.741, 2.350, 6.521, 23745, 435.914)
upgrade(-18.532, 2.350, 6.545, 19009, 438.656)
upgrade(-15.437, 2.350, 6.617, 15522, 440.317)
upgrade(-12.608, 2.350, 5.282, 12024, 442.141)
upgrade(19.970, 0.975, 12.528, 24186, 451.662)
upgrade(19.970, 0.975, 12.528, 14204, 453.846)
task.wait(0.5)
airDropAbility(19.970, 0.975, 12.528, "1", 154.055384, 25.836231, 1.125002, 15.722012, 0.046177, 0.000000, 0.998933, 0.000000, 1.000000, -0.000000, -0.998933, 0.000000, 0.046)
upgrade(19.970, 0.975, 12.528, 38484, 475.135)
upgrade(24.524, 0.975, 12.599, 20414, 488.067)
upgrade(24.524, 0.975, 12.599, 22267, 494.641)
task.wait(0.5)
airDropAbility(24.524, 0.975, 12.599, "1", 154.055384, 25.913658, 1.125002, 15.719188, -0.505532, 0.000000, 0.862808, 0.000000, 1.000000, -0.000000, -0.862808, 0.000000, -0.506)
upgrade(24.524, 0.975, 12.599, 46308, 516.972)
upgrade(25.450, 0.975, 18.426, 11167, 520.611)
task.wait(0.5)
airDropAbility(19.970, 0.975, 12.528, "1", 154.055384, 25.562016, 1.125002, 15.732013, -0.117724, 0.000000, 0.993046, 0.000000, 1.000000, -0.000000, -0.993046, 0.000000, -0.118)
upgrade(25.450, 0.975, 18.426, 16875, 531.433)
task.wait(0.5)
switchUnit(25.450, 0.975, 18.426, "Unit 3", "Field Medic", 532.880)
airDropAbility(25.450, 0.975, 18.426, "1", 154.055384, 25.552595, 1.125002, 15.732357, 0.191824, 0.000000, 0.981429, 0.000000, 1.000000, -0.000000, -0.981429, 0.000000, 0.192)
upgrade(25.450, 0.975, 18.426, 64440, 553.210)
task.wait(0.5)
airDropAbility(24.524, 0.975, 12.599, "1", 154.055384, 25.516386, 1.125002, 15.733677, -0.020065, 0.000000, 0.999799, 0.000000, 1.000000, -0.000000, -0.999799, 0.000000, -0.020)
upgrade(-18.086, 2.368, -4.950, 56663, 569.082)
upgrade(-18.086, 2.368, -4.950, 45717, 569.885)
upgrade(-18.069, 2.368, -1.929, 44149, 571.387)
upgrade(-18.069, 2.368, -1.929, 39106, 572.210)
upgrade(-23.812, 2.368, -6.370, 26450, 573.739)
upgrade(-23.812, 2.368, -6.370, 21004, 574.628)
place(-12.358, 1.000, -3.216, "Warlock", 10004, 580.287)
task.wait(1)
upgrade(-12.358, 2.350, -3.216, 9803, 582.221)
upgrade(-12.358, 2.350, -3.216, 7304, 583.056)
task.wait(0.5)
airDropAbility(19.970, 0.975, 12.528, "1", 154.055384, 25.596268, 1.125002, 15.730763, 0.189189, 0.000000, 0.981941, 0.000000, 1.000000, -0.000000, -0.981941, 0.000000, 0.189)
airDropAbility(25.450, 0.975, 18.426, "1", 152.080072, 24.653606, 1.125002, 15.765146, 0.395756, 0.000000, 0.918356, 0.000000, 1.000000, -0.000000, -0.918356, 0.000000, 0.396)
upgrade(-12.358, 2.350, -3.216, 43575, 608.417)
upgrade(-12.358, 2.350, -3.216, 31575, 609.353)
upgrade(-12.358, 2.350, -3.216, 29793, 616.162)
place(-9.296, 1.000, -3.637, "Warlock", 51836, 632.784)
task.wait(1)
upgrade(-9.296, 2.350, -3.637, 51761, 634.346)
upgrade(-9.296, 2.350, -3.637, 49261, 634.995)
upgrade(-9.296, 2.350, -3.637, 42461, 635.937)
upgrade(-9.296, 2.350, -3.637, 34855, 636.935)
task.wait(0.5)
airDropAbility(24.524, 0.975, 12.599, "1", 152.080072, 21.924740, 1.125002, 15.813068, -0.116260, 0.000000, 0.993219, 0.000000, 1.000000, -0.000000, -0.993219, 0.000000, -0.116)
upgrade(-9.296, 2.350, -3.637, 28923, 646.278)
place(-10.509, 1.000, -0.723, "Warlock", 29126, 661.228)
task.wait(1)
upgrade(-10.509, 2.350, -0.723, 33176, 663.213)
upgrade(-10.509, 2.350, -0.723, 34801, 663.837)
upgrade(-10.509, 2.350, -0.723, 28001, 664.504)
task.wait(0.5)
airDropAbility(19.970, 0.975, 12.528, "1", 150.246275, 22.105339, 1.125002, 15.815073, 0.030849, 0.000000, 0.999524, 0.000000, 1.000000, -0.000000, -0.999524, 0.000000, 0.031)
airDropAbility(25.450, 0.975, 18.426, "1", 150.246275, 20.693581, 1.125002, 15.758503, 0.030205, 0.000000, 0.999544, 0.000000, 1.000000, -0.000000, -0.999544, 0.000000, 0.030)
upgrade(-10.509, 2.350, -0.723, 37126, 679.381)
upgrade(-10.509, 2.350, -0.723, 28251, 684.998)
place(-6.304, 1.000, -3.321, "Warlock", 7751, 692.679)
task.wait(1)
upgrade(-6.304, 2.350, -3.321, 3551, 694.526)
upgrade(-6.304, 2.350, -3.321, 6933, 696.772)
task.wait(0.5)
airDropAbility(24.524, 0.975, 12.599, "1", 145.418911, 18.039330, 1.125002, 15.030110, 0.239227, 0.000000, 0.970964, 0.000000, 1.000000, -0.000000, -0.970964, 0.000000, 0.239)
upgrade(-6.304, 2.350, -3.321, 51528, 712.947)
upgrade(-6.304, 2.350, -3.321, 44203, 714.164)
upgrade(-6.304, 2.350, -3.321, 31003, 717.353)
upgrade(-9.854, 2.351, -9.254, 21003, 728.515)
upgrade(-9.854, 2.351, -9.254, 30555, 737.070)
task.wait(0.5)
airDropAbility(19.970, 0.975, 12.528, "1", 146.231509, 18.458221, 1.125002, 15.237112, 0.536628, 0.000000, 0.843819, 0.000000, 1.000000, -0.000000, -0.843819, 0.000000, 0.537)
airDropAbility(25.450, 0.975, 18.426, "1", 148.624677, 19.872181, 1.125002, 15.670199, 0.512557, 0.000000, 0.858653, 0.000000, 1.000000, -0.000000, -0.858653, 0.000000, 0.513)
upgrade(-9.854, 2.351, -9.254, 55976, 748.204)
task.wait(0.5)
hologramAbility(-9.854, 2.351, -9.254, "Default", 21.085, 1.000, 7.459, 757.474)
upgrade(-12.597, 2.351, 2.140, 11735, 764.801)
task.wait(0.5)
airDropAbility(21.085, 0.975, 7.459, "1", 148.624677, 19.778332, 1.125002, 15.660110, 0.367985, 0.000000, 0.929832, 0.000000, 1.000000, -0.000000, -0.929832, 0.000000, 0.368)
airDropAbility(24.524, 0.975, 12.599, "1", 146.231509, 18.501715, 1.125002, 15.258605, 0.373850, 0.000000, 0.927489, 0.000000, 1.000000, -0.000000, -0.927489, 0.000000, 0.374)
upgrade(-12.597, 2.351, 2.140, 24136, 784.317)
upgrade(-12.597, 2.351, 2.140, 53715, 797.430)
task.wait(0.5)
airDropAbility(19.970, 0.975, 12.528, "1", 148.624677, 20.253780, 1.125002, 15.711223, 0.430891, 0.000000, 0.902404, 0.000000, 1.000000, -0.000000, -0.902404, 0.000000, 0.431)
airDropAbility(25.450, 0.975, 18.426, "1", 148.624677, 20.675732, 1.125002, 15.756584, 0.270565, 0.000000, 0.962702, 0.000000, 1.000000, -0.000000, -0.962702, 0.000000, 0.271)
hologramAbility(-12.597, 2.351, 2.140, "Default", 25.608, 1.000, 7.848, 815.361)
airDropAbility(25.608, 0.975, 7.848, "1", 139.639711, 16.815807, 1.125002, 8.831284, 0.113488, 0.000000, 0.993539, 0.000000, 1.000000, -0.000000, -0.993539, 0.000000, 0.113)
airDropAbility(21.085, 0.975, 7.459, "1", 138.834547, 16.588247, 1.125002, 8.102633, 0.067180, 0.000000, 0.997741, 0.000000, 1.000000, -0.000000, -0.997741, 0.000000, 0.067)
airDropAbility(24.524, 0.975, 12.599, "1", 139.639711, 16.956076, 1.125002, 9.539578, 0.157336, 0.000000, 0.987545, 0.000000, 1.000000, -0.000000, -0.987545, 0.000000, 0.157)
hologramAbility(-9.854, 2.351, -9.254, "Default", 12.816, 1.000, 10.165, 848.056)
switchUnit(19.970, 0.975, 12.528, "Unit 1", "Riot Guard", 860.748)
switchUnit(19.970, 0.975, 12.528, "Unit 2", "Riot Guard", 861.133)
switchUnit(19.970, 0.975, 12.528, "Unit 3", "Riot Guard", 861.802)
switchUnit(21.085, 0.975, 7.459, "Unit 1", "Riot Guard", 863.490)
switchUnit(21.085, 0.975, 7.459, "Unit 2", "Riot Guard", 863.986)
switchUnit(21.085, 0.975, 7.459, "Unit 3", "Riot Guard", 864.850)
switchUnit(24.524, 0.975, 12.599, "Unit 1", "Riot Guard", 866.845)
switchUnit(24.524, 0.975, 12.599, "Unit 2", "Riot Guard", 870.010)
switchUnit(24.524, 0.975, 12.599, "Unit 3", "Riot Guard", 870.825)
hologramAbility(-12.597, 2.351, 2.140, "Default", 12.488, 1.000, 15.331, 875.624)
switchUnit(25.608, 0.975, 7.848, "Unit 1", "Riot Guard", 879.550)
switchUnit(25.608, 0.975, 7.848, "Unit 2", "Riot Guard", 880.241)
switchUnit(25.608, 0.975, 7.848, "Unit 3", "Riot Guard", 881.193)
switchUnit(25.450, 0.975, 18.426, "Unit 1", "Riot Guard", 885.645)
switchUnit(25.450, 0.975, 18.426, "Unit 2", "Riot Guard", 888.954)
switchUnit(25.450, 0.975, 18.426, "Unit 3", "Riot Guard", 889.854)
switchUnit(12.816, 0.975, 10.165, "Unit 1", "Riot Guard", 893.662)
switchUnit(12.816, 0.975, 10.165, "Unit 2", "Riot Guard", 894.259)
switchUnit(12.816, 0.975, 10.165, "Unit 3", "Riot Guard", 894.969)
switchUnit(12.488, 0.975, 15.331, "Unit 1", "Riot Guard", 896.783)
switchUnit(12.488, 0.975, 15.331, "Unit 2", "Riot Guard", 897.305)
switchUnit(12.488, 0.975, 15.331, "Unit 3", "Riot Guard", 898.009)
hologramAbility(-9.854, 2.351, -9.254, "Default", 20.096, 1.000, 7.845, 902.975)
switchUnit(20.096, 0.975, 7.845, "Unit 1", "Riot Guard", 913.498)
switchUnit(20.096, 0.975, 7.845, "Unit 2", "Riot Guard", 914.099)
switchUnit(20.096, 0.975, 7.845, "Unit 3", "Riot Guard", 914.947)
airDropAbility(12.816, 0.975, 10.165, "1", 18.506747, -21.159170, 1.125002, -2.629309, 0.984819, 0.000000, -0.173583, -0.000000, 1.000000, -0.000000, 0.173583, 0.000000, 0.985)
airDropAbility(12.488, 0.975, 15.331, "1", 24.356789, -17.834167, 1.125002, 1.253699, 0.791715, 0.000000, 0.610891, 0.000000, 1.000000, -0.000000, -0.610891, 0.000000, 0.792)
airDropAbility(20.096, 0.975, 7.845, "1", 25.707650, -16.088060, 1.125002, 1.149820, 0.635728, 0.000000, 0.771913, 0.000000, 1.000000, -0.000000, -0.771914, 0.000000, 0.636)
airDropAbility(19.970, 0.975, 12.528, "1", 26.742005, -15.223356, 1.125002, 0.694457, 0.529900, 0.000000, 0.848060, 0.000000, 1.000000, -0.000000, -0.848060, 0.000000, 0.530)
airDropAbility(25.608, 0.975, 7.848, "1", 26.742005, -15.513685, 1.125002, 0.849808, 0.565207, 0.000000, 0.824949, 0.000000, 1.000000, -0.000000, -0.824949, 0.000000, 0.565)
airDropAbility(24.524, 0.975, 12.599, "1", 26.742005, -15.713499, 1.125002, 0.956726, 0.589834, 0.000000, 0.807524, 0.000000, 1.000000, -0.000000, -0.807524, 0.000000, 0.590)
airDropAbility(25.450, 0.975, 18.426, "1", 26.742005, -15.131822, 1.125002, 0.573514, 0.511320, 0.000000, 0.859391, 0.000000, 1.000000, -0.000000, -0.859391, 0.000000, 0.511)
hologramAbility(-12.597, 2.351, 2.140, "Default", 20.010, 1.000, 18.765, 935.413)
switchUnit(20.010, 0.975, 18.765, "Unit 2", "Riot Guard", 945.556)
switchUnit(20.010, 0.975, 18.765, "Unit 3", "Riot Guard", 946.069)
switchUnit(20.010, 0.975, 18.765, "Unit 1", "Riot Guard", 947.142)
airDropAbility(20.010, 0.975, 18.765, "1", 32.752892, -15.139811, 1.125002, -4.199219, -0.556112, 0.000000, -0.831108, 0.000000, 1.000000, -0.000000, 0.831108, -0.000000, -0.556)
activateAbility(-18.069, 2.368, -1.929, "Support Caravan", 973.380)
activateAbility(-18.069, 2.368, -1.929, "Support Caravan", 973.867)
activateAbility(-18.069, 2.368, -1.929, "Support Caravan", 974.022)
activateAbility(-18.069, 2.368, -1.929, "Support Caravan", 974.223)
hologramAbility(-9.854, 2.351, -9.254, "Default", 11.956, 1.000, 10.093, 979.382)
airDropAbility(20.096, 0.975, 7.845, "1", 82.254868, 14.220668, 1.125002, -6.000432, -0.845712, 0.000000, 0.533640, 0.000000, 1.000000, -0.000000, -0.533640, 0.000000, -0.846)
airDropAbility(12.488, 0.975, 15.331, "1", 83.382158, 13.787365, 1.125002, -5.957428, -0.860267, 0.000000, 0.509844, 0.000000, 1.000000, -0.000000, -0.509844, 0.000000, -0.860)
airDropAbility(19.970, 0.975, 12.528, "1", 82.254868, 14.222932, 1.125002, -6.001671, -0.845659, 0.000000, 0.533724, 0.000000, 1.000000, -0.000000, -0.533724, 0.000000, -0.846)
airDropAbility(24.524, 0.975, 12.599, "1", 82.254868, 14.243511, 1.125002, -6.012935, -0.845176, 0.000000, 0.534489, 0.000000, 1.000000, -0.000000, -0.534489, 0.000000, -0.845)
airDropAbility(25.450, 0.975, 18.426, "1", 82.254868, 14.662750, 1.125002, -6.242414, -0.835532, 0.000000, 0.549442, 0.000000, 1.000000, -0.000000, -0.549442, 0.000000, -0.836)
